Define CharList
 ( 'A', 'B', 'C', 'D', 'E', 'F', 'G', 'H', 'I', 'J', 'K', 'L', 'M', 'N', 'O', 'P',
   'Q', 'R', 'S', 'T', 'U', 'V', 'W', 'X', 'Y', 'Z', 'a', 'b', 'c', 'd', 'e', 'f',
   'g', 'h', 'i', 'j', 'k', 'l', 'm', 'n', 'o', 'p', 'q', 'r', 's', 't', 'u', 'v',
   'w', 'x', 'y', 'z', '0', '1', '2', '3', '4', '5', '6', '7', '8', '9', '~', '`',
   '!', '@', '#', '$', '%', '^', '&', '*', '(', ')', '-', '_', '=', '+', '[', '{',
   ']', '}', ';', ':',"'", '"', ',', '<', '.', '>', '/', '?', 'À', 'Á', 'Â', 'Ã',
   'Ä', 'Å', '¨', 'Æ', 'Ç', 'È', 'É', 'Ê', 'Ë', 'Ì', 'Í', 'Î', 'Ï', 'Ð', 'Ñ', 'Ò',
   'Ó', 'Ô', 'Õ', 'Ö', '×', 'Ø', 'Ù', 'Ú', 'Û', 'Ü', 'Ý', 'Þ', 'ß', 'à', 'á', 'â',
   'ã', 'ä', 'å', '¸', 'æ', 'ç', 'è', 'é', 'ê', 'ë', 'ì', 'í', 'î', 'ï', 'ð', 'ñ',
   'ò', 'ó', 'ô', 'õ', 'ö', '÷', 'ø', 'ù', 'ú', 'û', 'ü', 'ý', 'þ', 'ÿ');

Define WidthList
 (  23,  26,  26,  21,  25,  23,  29,  25,  10,  23,  27,  25,  27,  23,  25,  23,
    25,  27,  21,  26,  23,  25,  29,  20,  18,  22,  19,  18,  15,  18,  17,  23,
    19,  20,   9,  17,  20,   9,  25,  21,  19,  17,  18,  19,  17,  19,  19,  17,
    21,  17,  19,  17,  18,   8,  21,  21,  18,  21,  21,  21,  21,  21,  21,   8,
    11,  26,  29,  23,  29,  12,  18,  22,  16,  16,  18,  22,  21,  21,  13,  21,
    14,  21,  12,  12,   7,  14,  12,  21,  12,  21,  12,  16,  23,  26,  26,  18,
    30,  25,  25,  33,  21,  20,  20,  27,  18,  27,  25,  25,  23,  23,  26,  26,
    19,  31,  20,  27,  18,  33,  38,  26,  29,  21,  21,  34,  19,  19,  19,  18,
    12,  19,  17,  17,  23,  14,  18,  18,  18,  15,  20,  18,  19,  20,  17,  15,
    19,  19,  26,  17,  22,  15,  26,  30,  21,  21,  16,  16,  25,  15);

Define RectList
 ( (   0,  0, 29, 54), (  30,  0, 31, 54), (  62,  0, 30, 54), (  93,  0, 27, 54),
   ( 121,  0, 32, 54), ( 154,  0, 29, 54), ( 184,  0, 32, 54), ( 217,  0, 29, 54),
   ( 247,  0, 13, 54), ( 261,  0, 28, 54), ( 290,  0, 32, 54), ( 323,  0, 30, 54),
   ( 354,  0, 31, 54), ( 386,  0, 26, 54), ( 413,  0, 30, 54), ( 444,  0, 28, 54),
   ( 473,  0, 31, 54), ( 505,  0, 33, 54), ( 539,  0, 27, 54), ( 567,  0, 32, 54),
   ( 600,  0, 27, 54), ( 628,  0, 29, 54), ( 658,  0, 33, 54), ( 692,  0, 26, 54),
   ( 719,  0, 23, 54), ( 743,  0, 27, 54), ( 771,  0, 26, 54), ( 798,  0, 24, 54),
   ( 823,  0, 21, 54), ( 845,  0, 22, 54), ( 868,  0, 22, 54), ( 891,  0, 28, 54),
   ( 920,  0, 24, 54), ( 945,  0, 24, 54), ( 970,  0, 14, 54), ( 985,  0, 22, 54),
   (1008,  0, 26, 54), (1035,  0, 12, 54), (1048,  0, 30, 54), (1079,  0, 26, 54),
   (1106,  0, 23, 54), (1130,  0, 23, 54), (1154,  0, 23, 54), (1178,  0, 25, 54),
   (1204,  0, 22, 54), (1227,  0, 25, 54), (1253,  0, 23, 54), (1277,  0, 22, 54),
   (1300,  0, 26, 54), (1327,  0, 22, 54), (1350,  0, 24, 54), (1375,  0, 24, 54),
   (1400,  0, 24, 54), (1425,  0, 13, 54), (1439,  0, 26, 54), (1466,  0, 25, 54),
   (1492,  0, 24, 54), (1517,  0, 26, 54), (1544,  0, 25, 54), (1570,  0, 25, 54),
   (1596,  0, 24, 54), (1621,  0, 24, 54), (1646,  0, 24, 54), (1671,  0, 14, 54),
   (1686,  0, 13, 54), (1700,  0, 31, 54), (1732,  0, 36, 54), (1769,  0, 27, 54),
   (1797,  0, 30, 54), (1828,  0, 18, 54), (1847,  0, 19, 54), (1867,  0, 27, 54),
   (1895,  0, 16, 54), (1912,  0, 16, 54), (1929,  0, 23, 54), (1953,  0, 23, 54),
   (1977,  0, 24, 54), (2002,  0, 23, 54), (2026,  0, 19, 54), (2046,  0, 20, 54),
   (2067,  0, 20, 54), (2088,  0, 21, 54), (2110,  0, 15, 54), (2126,  0, 13, 54),
   (2140,  0, 13, 54), (2154,  0, 20, 54), (2175,  0, 13, 54), (2189,  0, 25, 54),
   (2215,  0, 12, 54), (2228,  0, 25, 54), (2254,  0, 18, 54), (2273,  0, 20, 54),
   (2294,  0, 29, 54), (2324,  0, 31, 54), (2356,  0, 31, 54), (2388,  0, 24, 54),
   (2413,  0, 26, 54), (2440,  0, 32, 54), (2473,  0, 32, 54), (2506,  0, 39, 54),
   (2546,  0, 23, 54), (2570,  0, 25, 54), (2596,  0, 25, 54), (2622,  0, 32, 54),
   (2655,  0, 23, 54), (2679,  0, 30, 54), (2710,  0, 29, 54), (2740,  0, 30, 54),
   (2771,  0, 29, 54), (2801,  0, 28, 54), (2830,  0, 30, 54), (2861,  0, 32, 54),
   (2894,  0, 23, 54), (2918,  0, 35, 54), (2954,  0, 26, 54), (2981,  0, 31, 54),
   (3013,  0, 24, 54), (3038,  0, 39, 54), (3078,  0, 44, 54), (3123,  0, 31, 54),
   (3155,  0, 33, 54), (3189,  0, 26, 54), (3216,  0, 25, 54), (3242,  0, 40, 54),
   (3283,  0, 24, 54), (3308,  0, 26, 54), (3335,  0, 24, 54), (3360,  0, 24, 54),
   (3385,  0, 18, 54), (3404,  0, 24, 54), (3429,  0, 22, 54), (3452,  0, 22, 54),
   (3475,  0, 28, 54), (3504,  0, 20, 54), (3525,  0, 23, 54), (3549,  0, 23, 54),
   (3573,  0, 23, 54), (3597,  0, 21, 54), (3619,  0, 25, 54), (3645,  0, 23, 54),
   (3669,  0, 23, 54), (3693,  0, 26, 54), (3720,  0, 23, 54), (3744,  0, 21, 54),
   (3766,  0, 25, 54), (3792,  0, 24, 54), (3817,  0, 32, 54), (3850,  0, 22, 54),
   (3873,  0, 27, 54), (3901,  0, 21, 54), (3923,  0, 31, 54), (3955,  0, 35, 54),
   (3991,  0, 25, 54), (4017,  0, 26, 54), (4044,  0, 22, 54), (4067,  0, 21, 54),
   (4089,  0, 30, 54), (4120,  0, 21, 54));

Define OffsetList
 ( (-3, 0), (-3, 0), (-2, 0), (-3, 0), (-3, 0), (-3, 0), (-1, 0), (-3, 0),
   (-2, 0), (-3, 0), (-3, 0), (-2, 0), (-2, 0), (-2, 0), (-3, 0), (-3, 0),
   (-3, 0), (-3, 0), (-3, 0), (-3, 0), (-2, 0), (-2, 0), (-2, 0), (-3, 0),
   (-3, 0), (-3, 0), (-3, 0), (-3, 0), (-3, 0), (-2, 0), (-3, 0), (-3, 0),
   (-3, 0), (-2, 0), (-3, 0), (-3, 0), (-3, 0), (-2, 0), (-3, 0), (-3, 0),
   (-2, 0), (-3, 0), (-3, 0), (-3, 0), (-2, 0), (-3, 0), (-2, 0), (-3, 0),
   (-3, 0), (-3, 0), (-3, 0), (-3, 0), (-3, 0), (-3, 0), (-2, 0), (-2, 0),
   (-3, 0), (-3, 0), (-2, 0), (-3, 0), (-2, 0), (-3, 0), (-1, 0), (-3, 0),
   (-1, 0), (-3, 0), (-4, 0), (-3, 0), ( 2, 0), (-3, 0), ( 0, 0), (-3, 0),
   ( 2, 0), (-2, 0), (-3, 0), (-1, 0), (-2, 0), (-1, 0), (-3, 0), ( 2, 0),
   (-4, 0), (-1, 0), (-1, 0), (-1, 0), (-3, 0), (-3, 0), ( 0, 0), (-2, 0),
   ( 0, 0), (-2, 0), (-3, 0), (-3, 0), (-3, 0), (-3, 0), (-3, 0), (-3, 0),
   (-1, 0), (-3, 0), (-3, 0), (-3, 0), (-1, 0), (-3, 0), (-3, 0), (-3, 0),
   (-3, 0), (-1, 0), (-3, 0), (-3, 0), (-3, 0), (-3, 0), (-2, 0), (-3, 0),
   (-2, 0), (-2, 0), (-3, 0), (-2, 0), (-3, 0), (-3, 0), (-3, 0), (-3, 0),
   (-3, 0), (-3, 0), (-2, 0), (-3, 0), (-3, 0), (-3, 0), (-2, 0), (-3, 0),
   (-3, 0), (-3, 0), (-3, 0), (-3, 0), (-3, 0), (-3, 0), (-3, 0), (-3, 0),
   (-3, 0), (-3, 0), (-2, 0), (-3, 0), (-2, 0), (-4, 0), (-3, 0), (-3, 0),
   (-4, 0), (-3, 0), (-3, 0), (-3, 0), (-2, 0), (-3, 0), (-3, 0), (-2, 0),
   (-2, 0), (-2, 0), (-3, 0), (-3, 0), (-3, 0), (-3, 0));

CreateLayer               Main;
LayerSetImage             Main 'BrianneTod32';
LayerSetAscent            Main 42;
LayerSetCharWidths        Main CharList WidthList;
LayerSetCharWidths        Main (' ') (11);
LayerSetImageMap          Main CharList RectList;
LayerSetCharOffsets       Main CharList OffsetList;
LayerSetAscentPadding     Main 3;
LayerSetLineSpacingOffset Main 3;
LayerSetPointSize         Main 32;

SetDefaultPointSize  32;
