Define CharList
 ( 'A', 'B', 'C', 'D', 'E', 'F', 'G', 'H', 'I', 'J', 'K', 'L', 'M', 'N', 'O', 'P',
   'Q', 'R', 'S', 'T', 'U', 'V', 'W', 'X', 'Y', 'Z', 'a', 'b', 'c', 'd', 'e', 'f',
   'g', 'h', 'i', 'j', 'k', 'l', 'm', 'n', 'o', 'p', 'q', 'r', 's', 't', 'u', 'v',
   'w', 'x', 'y', 'z', '0', '1', '2', '3', '4', '5', '6', '7', '8', '9', '~', '`',
   '!', '@', '#', '$', '%', '^', '&', '*', '(', ')', '-', '_', '=', '+', '[', '{',
   ']', '}', ';', ':', "'", '"', ',', '<', '.', '>', '/', '?', 'À', 'Á', 'Â', 'Ã',
   'Ä', 'Å', '¨', 'Æ', 'Ç', 'È', 'É', 'Ê', 'Ë', 'Ì', 'Í', 'Î', 'Ï', 'Ð', 'Ñ', 'Ò',
   'Ó', 'Ô', 'Õ', 'Ö', '×', 'Ø', 'Ù', 'Ú', 'Û', 'Ü', 'Ý', 'Þ', 'ß', 'à', 'á', 'â',
   'ã', 'ä', 'å', '¸', 'æ', 'ç', 'è', 'é', 'ê', 'ë', 'ì', 'í', 'î', 'ï', 'ð', 'ñ',
   'ò', 'ó', 'ô', 'õ', 'ö', '÷', 'ø', 'ù', 'ú', 'û', 'ü', 'ý', 'þ', 'ÿ');

Define WidthList
 (  12,  12,  13,  10,  11,  11,  14,  12,   7,  11,  13,  12,  13,  11,  12,  11,
    12,  13,  11,  14,  11,  12,  14,  10,   9,  11,   9,   9,   7,   9,   8,  11,
     9,  10,   5,   8,  11,   5,  12,  10,   9,   8,   9,   9,   8,   9,   9,   8,
    10,   8,   9,   9,   9,   4,  10,  10,   9,  10,  10,  10,  10,  10,  10,   4,
     5,  13,  14,  11,  14,   8,   9,  11,   8,   8,   9,  11,  10,  10,   8,  10,
     8,  10,   6,   6,   4,   7,   6,  10,   6,  10,   6,   8,  12,  12,  12,  11,
    15,  11,  12,  21,  10,  11,  11,  13,  12,  13,  12,  12,  13,  11,  13,  14,
     9,  16,  10,  12,  12,  16,  17,  13,  15,  11,  13,  18,  13,   9,   9,   9,
     8,   9,   8,   8,  16,   9,   9,   9,  11,   8,  11,   9,   9,  10,   8,   7,
    12,   9,  14,   8,   9,   9,  13,  14,  11,  13,   9,   7,  14,  10);

Define RectList
 ( (   0,  0, 12, 23), (  13,  0, 12, 23), (  26,  0, 13, 23), (  40,  0, 10, 23),
   (  51,  0, 12, 23), (  64,  0, 11, 23), (  76,  0, 13, 23), (  90,  0, 12, 23),
   ( 103,  0,  4, 23), ( 108,  0, 11, 23), ( 120,  0, 13, 23), ( 134,  0, 12, 23),
   ( 147,  0, 13, 23), ( 161,  0, 10, 23), ( 172,  0, 12, 23), ( 185,  0, 11, 23),
   ( 197,  0, 12, 23), ( 210,  0, 13, 23), ( 224,  0, 10, 23), ( 235,  0, 13, 23),
   ( 249,  0, 11, 23), ( 261,  0, 12, 23), ( 274,  0, 14, 23), ( 289,  0, 10, 23),
   ( 300,  0,  9, 23), ( 310,  0, 11, 23), ( 322,  0, 10, 23), ( 333,  0,  9, 23),
   ( 343,  0,  7, 23), ( 351,  0,  8, 23), ( 360,  0,  8, 23), ( 369,  0, 11, 23),
   ( 381,  0,  9, 23), ( 391,  0, 10, 23), ( 402,  0,  4, 23), ( 407,  0,  8, 23),
   ( 416,  0, 10, 23), ( 427,  0,  4, 23), ( 432,  0, 12, 23), ( 445,  0, 10, 23),
   ( 456,  0,  9, 23), ( 466,  0,  8, 23), ( 475,  0,  8, 23), ( 484,  0,  9, 23),
   ( 494,  0,  9, 23), ( 504,  0,  9, 23), ( 514,  0,  9, 23), ( 524,  0,  8, 23),
   ( 533,  0, 10, 23), ( 544,  0,  8, 23), ( 553,  0,  9, 23), ( 563,  0,  9, 23),
   ( 573,  0,  9, 23), ( 583,  0,  4, 23), ( 588,  0,  9, 23), ( 598,  0, 10, 23),
   ( 609,  0,  9, 23), ( 619,  0, 10, 23), ( 630,  0,  9, 23), ( 640,  0, 10, 23),
   ( 651,  0, 10, 23), ( 662,  0,  9, 23), ( 672,  0,  9, 23), ( 682,  0,  5, 23),
   ( 688,  0,  4, 23), ( 693,  0, 12, 23), ( 706,  0, 14, 23), ( 721,  0, 14, 23),
   ( 736,  0, 12, 23), ( 749,  0, 12, 23), ( 762,  0,  7, 23), ( 770,  0, 10, 23),
   ( 781,  0,  5, 23), ( 787,  0,  6, 23), ( 794,  0,  9, 23), ( 804,  0,  9, 23),
   ( 814,  0,  9, 23), ( 824,  0,  8, 23), ( 833,  0,  7, 23), ( 841,  0,  7, 23),
   ( 849,  0,  8, 23), ( 858,  0,  7, 23), ( 866,  0,  4, 23), ( 871,  0,  4, 23),
   ( 876,  0,  3, 23), ( 880,  0,  7, 23), ( 888,  0,  4, 23), ( 893,  0,  9, 23),
   ( 903,  0,  3, 23), ( 907,  0,  9, 23), ( 917,  0,  7, 23), ( 925,  0,  7, 23),
   ( 933,  0, 12, 23), ( 946,  0, 12, 23), ( 959,  0, 12, 23), ( 972,  0, 11, 23),
   ( 984,  0, 15, 23), (1000,  0, 12, 23), (1013,  0, 12, 23), (1026,  0, 21, 23),
   (1048,  0, 10, 23), (1059,  0, 11, 23), (1071,  0, 11, 23), (1083,  0, 13, 23),
   (1097,  0, 12, 23), (1110,  0, 13, 23), (1124,  0, 12, 23), (1137,  0, 12, 23),
   (1150,  0, 12, 23), (1163,  0, 11, 23), (1175,  0, 13, 23), (1189,  0, 13, 23),
   (1203,  0,  9, 23), (1213,  0, 16, 23), (1230,  0, 10, 23), (1241,  0, 12, 23),
   (1254,  0, 11, 23), (1266,  0, 15, 23), (1282,  0, 17, 23), (1300,  0, 12, 23),
   (1313,  0, 14, 23), (1328,  0, 11, 23), (1340,  0, 13, 23), (1354,  0, 18, 23),
   (1373,  0, 13, 23), (1387,  0, 10, 23), (1398,  0,  9, 23), (1408,  0,  9, 23),
   (1418,  0,  8, 23), (1427,  0,  9, 23), (1437,  0,  8, 23), (1446,  0,  8, 23),
   (1455,  0, 16, 23), (1472,  0,  9, 23), (1482,  0,  9, 23), (1492,  0,  9, 23),
   (1502,  0, 10, 23), (1513,  0,  8, 23), (1522,  0, 10, 23), (1533,  0,  9, 23),
   (1543,  0,  9, 23), (1553,  0, 10, 23), (1564,  0,  8, 23), (1573,  0,  7, 23),
   (1581,  0, 12, 23), (1594,  0,  9, 23), (1604,  0, 14, 23), (1619,  0,  8, 23),
   (1628,  0,  9, 23), (1638,  0,  8, 23), (1647,  0, 13, 23), (1661,  0, 14, 23),
   (1676,  0, 11, 23), (1688,  0, 13, 23), (1702,  0,  9, 23), (1712,  0,  7, 23),
   (1720,  0, 14, 23), (1735,  0,  9, 23));

Define OffsetList
 ( ( 0, 0), ( 0, 0), ( 0, 0), ( 0, 0), ( 0, 0), ( 0, 0), ( 1, 0), ( 0, 0),
   ( 0, 0), ( 0, 0), ( 0, 0), ( 0, 0), ( 0, 0), ( 0, 0), ( 0, 0), ( 0, 0),
   ( 0, 0), ( 0, 0), ( 0, 0), ( 0, 0), ( 0, 0), ( 0, 0), ( 0, 0), ( 0, 0),
   ( 0, 0), ( 0, 0), ( 0, 0), ( 0, 0), ( 0, 0), ( 0, 0), ( 0, 0), ( 0, 0),
   ( 0, 0), ( 0, 0), ( 0, 0), ( 0, 0), ( 0, 0), ( 0, 0), ( 0, 0), ( 0, 0),
   ( 0, 0), ( 0, 0), ( 0, 0), ( 0, 0), ( 0, 0), ( 0, 0), ( 0, 0), ( 0, 0),
   ( 0, 0), ( 0, 0), ( 0, 0), ( 0, 0), ( 0, 0), ( 0, 0), ( 1, 0), ( 0, 0),
   ( 0, 0), ( 0, 0), ( 1, 0), ( 0, 0), ( 0, 0), ( 0, 0), ( 1, 0), (-1, 0),
   ( 1, 0), ( 0, 0), ( 0, 0), (-2, 0), ( 2, 0), (-2, 0), ( 1, 0), ( 0, 0),
   ( 2, 0), ( 0, 0), ( 0, 0), ( 1, 0), ( 0, 0), ( 1, 0), ( 1, 0), ( 2, 0),
   (-1, 0), ( 1, 0), ( 1, 0), ( 1, 0), ( 0, 0), ( 0, 0), ( 1, 0), ( 1, 0),
   ( 1, 0), ( 1, 0), ( 0, 0), ( 0, 0),  ( 0, 0), ( 0, 0), ( 0, 0), ( 0, 0),
   ( 2, 0), ( 0, 0), ( 0, 0), ( 0, 0), ( 0, 0), ( 0, 0), ( 0, 0), ( 0, 0),
   ( 0, 0), ( 0, 0), ( 0, 0), ( 0, 0), ( 0, 0), ( 0, 0), ( 0, 0), ( 0, 0),
   ( 0, 0), ( 0, 0), ( 0, 0), ( 0, 0), ( 1, 0), ( 0, 0), ( 0, 0), ( 0, 0),
   ( 0, 0), ( 0, 0), ( 0, 0), ( 0, 0), ( 0, 0), ( 0, 0), ( 0, 0), ( 0, 0),
   ( 0, 0), ( 0, 0), ( 0, 0), ( 0, 0), ( 0, 0), ( 0, 0), ( 0, 0), ( 0, 0),
   ( 0, 0), ( 0, 0), ( 0, 0), ( 0, 0), ( 0, 0), ( 0, 0), ( 0, 0), ( 0, 0),
   ( 0, 0), ( 0, 0), ( 0, 0), ( 0, 0), ( 0, 0), ( 1, 0), ( 0, 0), ( 0, 0),
   ( 0, 0), ( 0, 0), ( 0, 0), ( 0, 0), ( 0, 0), ( 0, 0));

CreateLayer               Main;
LayerSetImage             Main 'BrianneTod16';
LayerSetAscent            Main 19;
LayerSetCharWidths        Main CharList WidthList;
LayerSetCharWidths        Main (' ') (5);
LayerSetImageMap          Main CharList RectList;
LayerSetCharOffsets       Main CharList OffsetList;
LayerSetAscentPadding     Main 0;
LayerSetLineSpacingOffset Main 0;
LayerSetPointSize         Main 16;

SetDefaultPointSize  16;
