Define CharList
 ( 'A', 'B', 'C', 'D', 'E', 'F', 'G', 'H', 'I', 'J', 'K', 'L', 'M', 'N', 'O', 'P',
   'Q', 'R', 'S', 'T', 'U', 'V', 'W', 'X', 'Y', 'Z', 'a', 'b', 'c', 'd', 'e', 'f',
   'g', 'h', 'i', 'j', 'k', 'l', 'm', 'n', 'o', 'p', 'q', 'r', 's', 't', 'u', 'v',
   'w', 'x', 'y', 'z', '0', '1', '2', '3', '4', '5', '6', '7', '8', '9', '~', '`',
   '!', '@', '#', '$', '%', '^', '&', '*', '(', ')', '-', '_', '=', '+', '[', '{',
   ']', '}', ';', ':', "'", '"', ',', '<', '.', '>', '/', '?', 'À', 'Á', 'Â', 'Ã',
   'Ä', 'Å', '¨', 'Æ', 'Ç', 'È', 'É', 'Ê', 'Ë', 'Ì', 'Í', 'Î', 'Ï', 'Ð', 'Ñ', 'Ò',
   'Ó', 'Ô', 'Õ', 'Ö', '×', 'Ø', 'Ù', 'Ú', 'Û', 'Ü', 'Ý', 'Þ', 'ß', 'à', 'á', 'â',
   'ã', 'ä', 'å', '¸', 'æ', 'ç', 'è', 'é', 'ê', 'ë', 'ì', 'í', 'î', 'ï', 'ð', 'ñ',
   'ò', 'ó', 'ô', 'õ', 'ö', '÷', 'ø', 'ù', 'ú', 'û', 'ü', 'ý', 'þ', 'ÿ');

Define WidthList
 (   9,  10,  10,   8,   8,   8,  11,   9,   5,   9,  10,   9,  10,   8,   9,   9,
     9,  10,   8,  11,   9,   9,  11,   7,   7,   8,   7,   7,   6,   7,   6,   8,
     7,   7,   4,   6,   8,   4,   9,   8,   7,   6,   7,   7,   6,   7,   7,   6,
     8,   6,   7,   7,   7,   3,   8,   8,   7,   8,   8,   8,   8,   8,   8,   3,
     4,  10,  11,   8,  11,   6,   7,   8,   6,   6,   7,   8,   8,   8,   6,   8,
     6,   8,   4,   4,   3,   5,   4,   8,   4,   8,   4,   6,   9,  10,  10,   8,
    12,   8,   9,  16,   8,   8,   8,  10,   9,  10,   9,   9,  10,   9,  10,  11,
     7,  12,   7,   9,   9,  12,  13,  10,  11,   8,  10,  13,  10,   7,   7,   7,
     6,   7,   6,   6,  12,   7,   7,   7,   8,   6,   8,   7,   7,   8,   6,   6,
     9,   7,  11,   6,   7,   7,  10,  11,   8,  10,   7,   6,  11,   7);

Define RectList
 ( (   0,  0,  9, 17), (  10,  0, 10, 17), (  21,  0, 10, 17), (  32,  0,  8, 17),
   (  41,  0,  9, 17), (  51,  0,  9, 17), (  61,  0, 11, 17), (  73,  0,  9, 17),
   (  83,  0,  3, 17), (  87,  0,  9, 17), (  97,  0, 10, 17), ( 108,  0,  9, 17),
   ( 118,  0, 10, 17), ( 129,  0,  8, 17), ( 138,  0,  9, 17), ( 148,  0,  8, 17),
   ( 157,  0,  9, 17), ( 167,  0, 10, 17), ( 178,  0,  8, 17), ( 187,  0, 10, 17),
   ( 198,  0,  9, 17), ( 208,  0,  9, 17), ( 218,  0, 11, 17), ( 230,  0,  8, 17),
   ( 239,  0,  7, 17), ( 247,  0,  8, 17), ( 256,  0,  8, 17), ( 265,  0,  7, 17),
   ( 273,  0,  6, 17), ( 280,  0,  7, 17), ( 288,  0,  6, 17), ( 295,  0,  8, 17),
   ( 304,  0,  7, 17), ( 312,  0,  7, 17), ( 320,  0,  3, 17), ( 324,  0,  6, 17),
   ( 331,  0,  8, 17), ( 340,  0,  3, 17), ( 344,  0,  9, 17), ( 354,  0,  8, 17),
   ( 363,  0,  7, 17), ( 371,  0,  6, 17), ( 378,  0,  7, 17), ( 386,  0,  7, 17),
   ( 394,  0,  7, 17), ( 402,  0,  7, 17), ( 410,  0,  7, 17), ( 418,  0,  6, 17),
   ( 425,  0,  8, 17), ( 434,  0,  6, 17), ( 441,  0,  7, 17), ( 449,  0,  7, 17),
   ( 457,  0,  7, 17), ( 465,  0,  3, 17), ( 469,  0,  8, 17), ( 478,  0,  7, 17),
   ( 486,  0,  7, 17), ( 494,  0,  8, 17), ( 503,  0,  8, 17), ( 512,  0,  7, 17),
   ( 520,  0,  7, 17), ( 528,  0,  7, 17), ( 536,  0,  8, 17), ( 545,  0,  5, 17),
   ( 551,  0,  3, 17), ( 555,  0,  9, 17), ( 565,  0, 11, 17), ( 577,  0, 12, 17),
   ( 590,  0,  9, 17), ( 600,  0,  8, 17), ( 609,  0,  5, 17), ( 615,  0,  8, 17),
   ( 624,  0,  4, 17), ( 629,  0,  4, 17), ( 634,  0,  7, 17), ( 642,  0,  6, 17),
   ( 649,  0,  7, 17), ( 657,  0,  7, 17), ( 665,  0,  6, 17), ( 672,  0,  6, 17),
   ( 679,  0,  6, 17), ( 686,  0,  5, 17), ( 692,  0,  4, 17), ( 697,  0,  3, 17),
   ( 701,  0,  3, 17), ( 705,  0,  5, 17), ( 711,  0,  3, 17), ( 715,  0,  8, 17),
   ( 724,  0,  2, 17), ( 727,  0,  8, 17), ( 736,  0,  5, 17), ( 742,  0,  6, 17),
   ( 749,  0,  9, 17), ( 759,  0, 10, 17), ( 770,  0, 10, 17), ( 781,  0,  9, 17),
   ( 791,  0, 11, 17), ( 803,  0,  9, 17), ( 813,  0,  9, 17), ( 823,  0, 16, 17),
   ( 840,  0,  7, 17), ( 848,  0,  8, 17), ( 857,  0,  8, 17), ( 866,  0, 10, 17),
   ( 877,  0,  9, 17), ( 887,  0, 10, 17), ( 898,  0,  9, 17), ( 908,  0,  9, 17),
   ( 918,  0, 10, 17), ( 929,  0,  8, 17), ( 938,  0, 10, 17), ( 949,  0, 10, 17),
   ( 960,  0,  7, 17), ( 968,  0, 12, 17), ( 981,  0,  8, 17), ( 990,  0,  9, 17),
   (1000,  0,  8, 17), (1009,  0, 11, 17), (1021,  0, 13, 17), (1035,  0, 10, 17),
   (1046,  0, 11, 17), (1058,  0,  8, 17), (1067,  0, 10, 17), (1078,  0, 13, 17),
   (1092,  0, 10, 17), (1103,  0,  8, 17), (1112,  0,  7, 17), (1120,  0,  7, 17),
   (1128,  0,  6, 17), (1135,  0,  7, 17), (1143,  0,  6, 17), (1150,  0,  6, 17),
   (1157,  0, 12, 17), (1170,  0,  7, 17), (1178,  0,  7, 17), (1186,  0,  7, 17),
   (1194,  0,  8, 17), (1203,  0,  7, 17), (1211,  0,  8, 17), (1220,  0,  7, 17),
   (1228,  0,  7, 17), (1236,  0,  8, 17), (1245,  0,  6, 17), (1252,  0,  6, 17),
   (1259,  0,  9, 17), (1269,  0,  7, 17), (1277,  0, 11, 17), (1289,  0,  6, 17),
   (1296,  0,  7, 17), (1304,  0,  7, 17), (1312,  0, 10, 17), (1323,  0, 11, 17),
   (1335,  0,  8, 17), (1344,  0, 10, 17), (1355,  0,  7, 17), (1363,  0,  6, 17),
   (1370,  0, 11, 17), (1382,  0,  7, 17));

Define OffsetList
 ( ( 0, 0), ( 0, 0), ( 0, 0), ( 0, 0), ( 0, 0), ( 0, 0), ( 0, 0), ( 0, 0),
   ( 0, 0), ( 0, 0), ( 0, 0), ( 0, 0), ( 0, 0), ( 0, 0), ( 0, 0), ( 0, 0),
   ( 0, 0), ( 0, 0), ( 0, 0), ( 0, 0), ( 0, 0), ( 0, 0), ( 0, 0), ( 0, 0),
   ( 0, 0), ( 0, 0), ( 0, 0), ( 0, 0), ( 0, 0), ( 0, 0), ( 0, 0), ( 0, 0),
   ( 0, 0), ( 0, 0), ( 0, 0), ( 0, 0), ( 0, 0), ( 0, 0), ( 0, 0), ( 0, 0),
   ( 0, 0), ( 0, 0), ( 0, 0), ( 0, 0), ( 0, 0), ( 0, 0), ( 0, 0), ( 0, 0),
   ( 0, 0), ( 0, 0), ( 0, 0), ( 0, 0), ( 0, 0), ( 0, 0), ( 0, 0), ( 0, 0),
   ( 0, 0), ( 0, 0), ( 0, 0), ( 0, 0), ( 0, 0), ( 0, 0), ( 0, 0), (-1, 0),
   ( 1, 0), ( 0, 0), ( 0, 0), (-2, 0), ( 2, 0), (-1, 0), ( 1, 0), ( 0, 0),
   ( 2, 0), ( 0, 0), ( 0, 0), ( 1, 0), ( 0, 0), ( 0, 0), ( 1, 0), ( 1, 0),
   (-1, 0), ( 1, 0), ( 0, 0), ( 1, 0), ( 0, 0), ( 0, 0), ( 1, 0), ( 0, 0),
   ( 1, 0), ( 0, 0), ( 0, 0), ( 0, 0),  ( 0, 0), ( 0, 0), ( 0, 0), ( 0, 0),
   ( 2, 0), ( 0, 0), ( 0, 0), ( 0, 0), ( 0, 0), ( 0, 0), ( 0, 0), ( 0, 0),
   ( 0, 0), ( 0, 0), ( 0, 0), ( 0, 0), ( 0, 0), ( 0, 0), ( 0, 0), ( 0, 0),
   ( 0, 0), ( 0, 0), ( 0, 0), ( 0, 0), ( 1, 0), ( 0, 0), ( 0, 0), ( 0, 0),
   ( 0, 0), ( 0, 0), ( 0, 0), ( 0, 0), ( 0, 0), ( 0, 0), ( 0, 0), ( 0, 0),
   ( 0, 0), ( 0, 0), ( 0, 0), ( 0, 0), ( 0, 0), ( 0, 0), ( 0, 0), ( 0, 0),
   ( 0, 0), ( 0, 0), ( 0, 0), ( 0, 0), ( 0, 0), ( 0, 0), ( 0, 0), ( 0, 0),
   ( 0, 0), ( 0, 0), ( 0, 0), ( 0, 0), ( 0, 0), ( 0, 0), ( 0, 0), ( 0, 0),
   ( 0, 0), ( 0, 0), ( 0, 0), ( 0, 0), ( 0, 0), ( 0, 0));

CreateLayer               Main;
LayerSetImage             Main 'BrianneTod12';
LayerSetAscent            Main 14;
LayerSetCharWidths        Main CharList WidthList;
LayerSetCharWidths        Main (' ') (4);
LayerSetImageMap          Main CharList RectList;
LayerSetCharOffsets       Main CharList OffsetList;
LayerSetAscentPadding     Main 0;
LayerSetLineSpacingOffset Main 0;
LayerSetPointSize         Main 12;

SetDefaultPointSize  12;
