Define CharList
 ( 'À', 'Â', 'Ñ', 'Á', 'Å', 'Ã', 'G', 'Í', 'I', 'J', 'Ê', 'Ü', 'Ì', 'Ï', 'Î', 'Ð',
   'Q', 'ß', 'S', 'Ò', 'È', 'Ë', 'Ø', 'Õ', 'Ó', 'Ç', 'à', 'â', 'ñ', 'á', 'å', 'ã',
   'g', 'í', 'i', 'j', 'ê', 'ü', 'ì', 'ï', 'î', 'ð', 'q', 'ÿ', 's', 'ò', 'è', 'ë',
   'ø', 'õ', 'ó', 'ç', '0', '1', '2', '3', '4', '5', '6', '7', '8', '9', '~', '`',
   '!', '@', '#', '$', '%', '^', '&', '*', '(', ')', '-', '_', '=', '+', '[', '{',
   ']', '}', ';', ':',"'", '"', ',', '<', '.', '>', '/', '?', '¡', '¢', '£', '¥',
   '§', '©', '®', '¿', 'Û', 'Ú', 'É', '¨', 'Æ', 'Ý', 'Ô', 'Ù', 'Ö', '×', 'Þ', 'Ä',
   'û', 'ú', 'é', '¸', 'æ', 'ý', 'ô', 'ù', 'ö', '÷', 'þ', 'ä', ' ', ' ', ' ', ' ',
   ' ', ' ', ' ', ' ', ' ', ' ', ' ', ' ', ' ', ' ', ' ', ' ', ' ', ' ', ' ', ' ',
   ' ', ' ', ' ', ' ', ' ', ' ', ' ', ' ', ' ', ' ', ' ', ' ', ' ', ' ', ' ', ' ');

Define WidthList
 (  12,  10,  10,  10,  10,  9,  10,  12,   6,   6,  11,  10,  16,  12,  12,  10,
    12,  10,   8,  10,  12,  12,  18,  14,  12,  10,  9,   9,   8,   9,   8,   8,
    9,  9,   5,   5,   8,   8,  11,  9,  9,   7,  10,   8,   6,   8,  9,  9,
    13,  10,  10,   8,  9,   5,  9,   8,  10,  9,  9,  10,  9,  9,  9,   3,
     4,  12,   8,   7,  9,   5,   7,   6,   4,   4,   6,   6,   8,   7,   4,   5,
     4,   5,   4,   4,   3,  10,   4,   6,   4,   6,   6,   7,   4,   8,   7,   7,
     6,  10,  9,   8,  18,  12,  12,  10,  18,  10,  15,   20,  15,  11,  20,  14,
     14,   10,   10,   8,  14,  8,  12,  16,  11,  8,  16,  13,  12,  12,  12,  12,
    12,   7,  9,  9,  9,  9,  12,  12,  14,   6,   7,   7,   7,   7,   4,   4,
     4,   5,  9,  9,  9,  9,  9,  9,  12,  9,  9,  9,  9,  9,  10,  10);

Define RectList
 ( (   0,  0, 17, 21), (  18,  0, 15, 21), (  33,  0, 15, 21), (  49,  0, 14, 21),
   (  64,  0, 14, 21), (  79,  0, 13, 21), ( 93,  0, 16, 21), ( 109,  0, 17, 21),
   ( 127,  0, 11, 21), ( 139,  0, 11, 21), ( 151,  0, 16, 21), ( 168,  0, 15, 21),
   ( 183,  0, 20, 21), ( 204,  0, 17, 21), ( 221,  0, 17, 21), ( 239,  0, 14, 21),
   ( 254,  0, 17, 21), ( 271,  0, 16, 21), ( 288,  0, 13, 21), ( 302,  0, 16, 21),
   ( 318,  0, 17, 21), ( 336,  0, 17, 21), ( 354,  0, 22, 21), ( 376,  0, 18, 21),
   ( 396,  0, 18, 21), ( 415,  0, 15, 21), ( 430,  0, 14, 21), ( 445,  0, 12, 21),
   ( 458,  0, 13, 21), ( 472,  0, 12, 21), ( 486,  0, 11, 21), ( 498,  0, 11, 21),
   ( 510,  0, 13, 21), ( 524,  0, 14, 21), ( 539,  0, 10, 21), ( 550,  0, 10, 21),
   ( 560,  0, 13, 21), ( 574,  0, 12, 21), ( 586,  0, 17, 21), ( 604,  0, 14, 21),
   ( 619,  0, 14, 21), ( 634,  0, 12, 21), ( 647,  0, 16, 21), ( 663,  0, 13, 21),
   ( 677,  0, 11, 21), ( 690,  0, 13, 21), ( 704,  0, 14, 21), ( 718,  0, 14, 21),
   ( 733,  0, 18, 21), ( 752,  0, 15, 21), ( 767,  0, 15, 21), ( 783,  0, 12, 21),
   ( 796,  0, 13, 21), ( 810,  0, 10, 21), ( 822,  0, 14, 21), ( 836,  0, 13, 21),
   ( 850,  0, 15, 21), ( 866,  0, 13, 21), (880,  0, 14, 21), (895,  0, 13, 21),
   (909,  0, 13, 21), (923,  0, 13, 21), (937,  0, 13, 21), (951,  0, 9, 21),
   (961,  0,  8, 21), (970,  0, 17, 21), (987,  0, 13, 21), (1001,  0, 11, 21),
   (1013,  0, 14, 21), (1028,  0, 10, 21), (1039,  0, 12, 21), (1052,  0, 11, 21),
   (1064,  0, 9, 21), (1074,  0, 9, 21), (1083,  0, 11, 21), (1096,  0, 11, 21),
   (1108,  0, 13, 21), (1122,  0, 12, 21), (1135,  0, 9, 21), (1144,  0, 10, 21),
   (1156,  0, 10, 21), (1166,  0, 10, 21), (1178,  0, 9, 21), (1187,  0, 9, 21),
   (1197,  0, 9, 21), (1207,  0, 13, 21), (1221,  0, 9, 21), (1230,  0, 11, 21),
   (1242,  0, 9, 21), (1252,  0, 11, 21), (1264,  0, 11, 21), (1277,  0, 11, 21),
   (1289,  0, 9, 21), (1298,  0, 13, 21), (1312,  0, 12, 21), (1326,  0, 13, 21),
   (1340,  0, 10, 21), (1351,  0, 14, 21), (1366,  0, 14, 21), (1381,  0, 11, 21),
   (1394,  0, 23, 21), (1418,  0, 17, 21), (1433,  0, 17, 21), (1450,  0, 14, 21),
   (1465,  0, 23, 21), (1490,  0, 15, 21), (1507,  0, 19, 21), (1527,  0, 24, 21),
   (1551,  0, 19, 21), (1571,  0, 16, 21), (1588,  0, 24, 21), (1613,  0, 18, 21),
   (1635,  0, 18, 21), (1654,  0, 14, 21), (1668,  0, 14, 21), (1682,  0, 11, 21),
   (1693,  0, 18, 21), (1712,  0, 12, 21), (1725,  0, 17, 21), (1740,  0, 20, 21),
   (1760,  0, 16, 21), (1774,  0, 12, 21), (1788,  0, 20, 21), (1807,  0, 18, 21),
   (1773,  0, 17, 21), (1790,  0, 17, 21), (1808,  0, 17, 21), (1825,  0, 17, 21),
   (1843,  0, 18, 21), (1862,  0, 12, 21), (1875,  0, 14, 21), (1890,  0, 14, 21),
   (1905,  0, 14, 21), (1920,  0, 14, 21), (1935,  0, 17, 21), (1952,  0, 17, 21),
   (1970,  0, 19, 21), (1990,  0, 11, 21), (2002,  0, 11, 21), (2014,  0, 11, 21),
   (2026,  0, 11, 21), (2039,  0, 11, 21), (2051,  0, 10, 21), (2062,  0, 10, 21),
   (2072,  0, 10, 21), (2082,  0, 10, 21), (2094,  0, 14, 21), (2109,  0, 14, 21),
   (2124,  0, 14, 21), (2138,  0, 14, 21), (2153,  0, 14, 21), (2168,  0, 14, 21),
   (2183,  0, 17, 21), (2201,  0, 14, 21), (2216,  0, 14, 21), (2230,  0, 14, 21),
   (2245,  0, 14, 21), (2260,  0, 14, 21), (2275,  0, 15, 21), (2291,  0, 15, 21));
Define OffsetList
 ( (-3, 0), (-3, 0), (-3, 0), (-3, 0), (-3, 0), (-3, 0), (-3, 0), (-3, 0),
   (-3, 0), (-3, 0), (-3, 0), (-3, 0), (-3, 0), (-3, 0), (-3, 0), (-3, 0),
   (-3, 0), (-3, 0), (-3, 0), (-3, 0), (-3, 0), (-3, 0), (-3, 0), (-2, 0),
   (-3, 0), (-3, 0), (-3, 0), (-3, 0), (-3, 0), (-3, 0), (-3, 0), (-3, 0),
   (-3, 0), (-3, 0), (-3, 0), (-3, 0), (-3, 0), (-3, 0), (-3, 0), (-3, 0),
   (-3, 0), (-3, 0), (-3, 0), (-3, 0), (-3, 0), (-3, 0), (-3, 0), (-3, 0),
   (-3, 0), (-3, 0), (-3, 0), (-3, 0), (-3, 0), (-3, 0), (-3, 0), (-3, 0),
   (-3, 0), (-3, 0), (-3, 0), (-2, 0), (-3, 0), (-3, 0), (-3, 0), (-3, 0),
   (-3, 0), (-2, 0), (-3, 0), (-3, 0), (-3, 0), (-3, 0), (-3, 0), (-3, 0),
   (-3, 0), (-3, 0), (-3, 0), (-3, 0), (-3, 0), (-3, 0), (-3, 0), (-3, 0),
   (-3, 0), (-3, 0), (-3, 0), (-3, 0), (-3, 0), (-2, 0), (-3, 0), (-3, 0),
   (-3, 0), (-3, 0), (-3, 0), (-3, 0), (-3, 0), (-3, 0), (-3, 0), (-4, 0),
   (-3, 0), (-3, 0), (-3, 0), (-3, 0), (-3, 0), (-3, 0), (-3, 0), (-3, 0),
   (-3, 0), (-3, 0), (-3, 0), (-3, 0), (-3, 0), (-3, 0), (-3, 0), (-3, 0),
   (-3, 0), (-3, 0), (-3, 0), (-3, 0), (-3, 0), (-3, 0), (-3, 0), (-3, 0),
   (-3, 0), (-3, 0), (-3, 0), (-3, 0), (-3, 0), (-3, 0), (-3, 0), (-3, 0),
   (-3, 0), (-3, 0), (-3, 0), (-3, 0), (-3, 0), (-3, 0), (-3, 0), (-3, 0),
   (-3, 0), (-3, 0), (-3, 0), (-3, 0), (-3, 0), (-3, 0), (-3, 0), (-3, 0),
   (-3, 0), (-3, 0), (-3, 0), (-3, 0), (-3, 0), (-3, 0), (-3, 0), (-3, 0),
   (-3, 0), (-3, 0), (-3, 0), (-3, 0), (-3, 0), (-3, 0), (-3, 0), (-3, 0));

Define KerningPairs
 ("AV","AW","Av","Aw","F,","F.","FA","LT","LV","LW","P,","P.","PA","T,","T.","TA",
  "Ta","V,","V.","VA","Va","W,","W.","WA","Wa","Wo","Y,","Y.","Ya","Yq","w,","w.",
  "y,","y.");

Define KerningValues (  -1,  -1,  -1,  -1,  -2,  -2,  -1,  -1,  -1,  -1,  -2,  -2,  -1,  -1,  -1,  -1,    -1,  -2,  -2,  -1,  -2,  -2,  -2,  -2,  -2,  -1,  -2,  -2,  -1,  -1,  -1,  -1,    -2,  -1);

CreateLayer               Main;
LayerSetImage             Main 'DwarvenTodcraft12';
LayerSetAscent            Main 15;
LayerSetCharWidths        Main CharList WidthList;
LayerSetCharWidths        Main (' ') (7);
LayerSetKerningPairs      Main KerningPairs KerningValues;
LayerSetImageMap          Main CharList RectList;
LayerSetCharOffsets       Main CharList OffsetList;
LayerSetAscentPadding     Main 3;
LayerSetLineSpacingOffset Main 0;
LayerSetPointSize         Main 12;

SetDefaultPointSize  12;
