Define CharList
 ( 'A', 'B', 'C', 'D', 'E', 'F', 'G', 'H', 'I', 'J', 'K', 'L', 'M', 'N', 'O', 'P',
   'Q', 'R', 'S', 'T', 'U', 'V', 'W', 'X', 'Y', 'Z', 'a', 'b', 'c', 'd', 'e', 'f',
   'g', 'h', 'i', 'j', 'k', 'l', 'm', 'n', 'o', 'p', 'q', 'r', 's', 't', 'u', 'v',
   'w', 'x', 'y', 'z', '0', '1', '2', '3', '4', '5', '6', '7', '8', '9', '~', '`',
   '!', '@', '#', '$', '%', '^', '&', '*', '(', ')', '-', '_', '=', '+', '[', '{',
   ']', '}', ';', ':',"'", '"', ',', '<', '.', '>', '/', '?', 'À', 'Á', 'Â', 'Ã',
   'Ä', 'Å', '¨', 'Æ', 'Ç', 'È', 'É', 'Ê', 'Ë', 'Ì', 'Í', 'Î', 'Ï', 'Ð', 'Ñ', 'Ò',
   'Ó', 'Ô', 'Õ', 'Ö', '×', 'Ø', 'Ù', 'Ú', 'Û', 'Ü', 'Ý', 'Þ', 'ß', 'à', 'á', 'â',
   'ã', 'ä', 'å', '¸', 'æ', 'ç', 'è', 'é', 'ê', 'ë', 'ì', 'í', 'î', 'ï', 'ð', 'ñ',
   'ò', 'ó', 'ô', 'õ', 'ö', '÷', 'ø', 'ù', 'ú', 'û', 'ü', 'ý', 'þ', 'ÿ');

Define WidthList
 (  10,   9,   9,  10,   9,   9,   9,  10,   5,   9,  10,   8,  13,  10,   9,  10,
     9,  10,   9,  11,  10,  10,  15,  12,  12,  10,   8,   8,   8,   9,   8,   7,
     9,   9,   4,   6,  10,   5,  14,   9,   8,   9,   9,   7,   8,   8,  10,  10,
    14,  11,  11,   8,   9,   6,   9,   9,  10,   9,   9,  10,   9,  10,   9,   5,
     5,  14,  10,   8,  13,   6,  11,   7,   6,   6,   7,  18,   8,   7,   6,   8,
     6,   7,   4,   4,   3,   6,   4,   7,   4,   8,  10,   9,  10,   9,   9,   9,
    10,   9,   9,  16,   9,  10,  10,  10,  11,  13,  10,  10,  12,  10,   9,  11,
    11,  14,  12,  14,   9,  18,  20,  12,  13,   9,   8,  17,  10,   8,   9,   9,
     8,  10,   8,   8,  13,   8,  10,  10,  10,  10,  11,   9,   8,  10,   9,   8,
     9,  11,  14,  11,  12,   9,  15,  17,   9,  12,   8,   8,  13,   9);

Define RectList
 ( (   0,  0, 16, 32), (  17,  0, 15, 32), (  33,  0, 15, 32), (  49,  0, 16, 32),
   (  66,  0, 15, 32), (  82,  0, 15, 32), (  98,  0, 15, 32), ( 114,  0, 16, 32),
   ( 131,  0, 11, 32), ( 143,  0, 14, 32), ( 158,  0, 16, 32), ( 175,  0, 13, 32),
   ( 189,  0, 18, 32), ( 208,  0, 16, 32), ( 225,  0, 15, 32), ( 241,  0, 16, 32),
   ( 258,  0, 15, 32), ( 274,  0, 16, 32), ( 291,  0, 14, 32), ( 306,  0, 16, 32),
   ( 323,  0, 16, 32), ( 340,  0, 16, 32), ( 357,  0, 20, 32), ( 378,  0, 18, 32),
   ( 397,  0, 18, 32), ( 416,  0, 16, 32), ( 433,  0, 14, 32), ( 448,  0, 14, 32),
   ( 463,  0, 14, 32), ( 478,  0, 15, 32), ( 494,  0, 14, 32), ( 509,  0, 13, 32),
   ( 523,  0, 15, 32), ( 539,  0, 15, 32), ( 555,  0, 10, 32), ( 566,  0, 13, 32),
   ( 580,  0, 16, 32), ( 597,  0, 11, 32), ( 609,  0, 20, 32), ( 630,  0, 15, 32),
   ( 646,  0, 14, 32), ( 661,  0, 15, 32), ( 677,  0, 15, 32), ( 693,  0, 13, 32),
   ( 707,  0, 13, 32), ( 721,  0, 14, 32), ( 736,  0, 16, 32), ( 753,  0, 16, 32),
   ( 770,  0, 19, 32), ( 790,  0, 16, 32), ( 807,  0, 17, 32), ( 825,  0, 14, 32),
   ( 840,  0, 15, 32), ( 856,  0, 12, 32), ( 869,  0, 15, 32), ( 885,  0, 15, 32),
   ( 901,  0, 16, 32), ( 918,  0, 15, 32), ( 934,  0, 15, 32), ( 950,  0, 16, 32),
   ( 967,  0, 15, 32), ( 983,  0, 15, 32), ( 999,  0, 15, 32), (1015,  0, 11, 32),
   (1027,  0, 11, 32), (1039,  0, 20, 32), (1060,  0, 16, 32), (1077,  0, 14, 32),
   (1092,  0, 18, 32), (1111,  0, 11, 32), (1123,  0, 17, 32), (1141,  0, 13, 32),
   (1155,  0, 12, 32), (1168,  0, 11, 32), (1180,  0, 12, 32), (1193,  0, 24, 32),
   (1218,  0, 14, 32), (1233,  0, 13, 32), (1247,  0, 12, 32), (1260,  0, 14, 32),
   (1275,  0, 12, 32), (1288,  0, 13, 32), (1302,  0, 10, 32), (1313,  0, 10, 32),
   (1324,  0,  9, 32), (1334,  0, 12, 32), (1347,  0, 10, 32), (1358,  0, 13, 32),
   (1372,  0, 10, 32), (1383,  0, 14, 32), (1398,  0, 16, 32), (1415,  0, 15, 32),
   (1431,  0, 16, 32), (1448,  0, 14, 32), (1463,  0, 15, 32), (1479,  0, 14, 32),
   (1494,  0, 16, 32), (1511,  0, 15, 32), (1527,  0, 15, 32), (1543,  0, 22, 32),
   (1566,  0, 15, 32), (1582,  0, 15, 32), (1598,  0, 15, 32), (1614,  0, 16, 32),
   (1631,  0, 17, 32), (1649,  0, 19, 32), (1669,  0, 16, 32), (1686,  0, 16, 32),
   (1703,  0, 17, 32), (1721,  0, 16, 32), (1738,  0, 15, 32), (1754,  0, 16, 32),
   (1771,  0, 17, 32), (1789,  0, 20, 32), (1810,  0, 18, 32), (1829,  0, 19, 32),
   (1849,  0, 15, 32), (1865,  0, 24, 32), (1890,  0, 26, 32), (1917,  0, 18, 32),
   (1936,  0, 19, 32), (1956,  0, 15, 32), (1972,  0, 14, 32), (1987,  0, 22, 32),
   (2010,  0, 15, 32), (2026,  0, 14, 32), (2041,  0, 15, 32), (2057,  0, 15, 32),
   (2073,  0, 14, 32), (2088,  0, 15, 32), (2104,  0, 14, 32), (2119,  0, 14, 32),
   (2134,  0, 19, 32), (2154,  0, 14, 32), (2169,  0, 15, 32), (2185,  0, 15, 32),
   (2201,  0, 16, 32), (2218,  0, 15, 32), (2234,  0, 17, 32), (2252,  0, 15, 32),
   (2268,  0, 14, 32), (2283,  0, 16, 32), (2300,  0, 15, 32), (2316,  0, 14, 32),
   (2331,  0, 15, 32), (2347,  0, 17, 32), (2365,  0, 19, 32), (2385,  0, 16, 32),
   (2402,  0, 18, 32), (2421,  0, 15, 32), (2437,  0, 21, 32), (2459,  0, 23, 32),
   (2483,  0, 15, 32), (2499,  0, 18, 32), (2518,  0, 14, 32), (2533,  0, 14, 32),
   (2548,  0, 19, 32), (2568,  0, 15, 32));

Define OffsetList
 ( (-3, 0), (-3, 0), (-3, 0), (-3, 0), (-3, 0), (-3, 0), (-3, 0), (-3, 0),
   (-3, 0), (-3, 0), (-3, 0), (-3, 0), (-3, 0), (-3, 0), (-3, 0), (-3, 0),
   (-3, 0), (-3, 0), (-3, 0), (-3, 0), (-3, 0), (-3, 0), (-3, 0), (-3, 0),
   (-3, 0), (-3, 0), (-3, 0), (-3, 0), (-3, 0), (-3, 0), (-3, 0), (-3, 0),
   (-3, 0), (-3, 0), (-3, 0), (-4, 0), (-3, 0), (-3, 0), (-3, 0), (-3, 0),
   (-3, 0), (-3, 0), (-3, 0), (-3, 0), (-3, 0), (-3, 0), (-3, 0), (-3, 0),
   (-3, 0), (-3, 0), (-3, 0), (-3, 0), (-3, 0), (-3, 0), (-3, 0), (-3, 0),
   (-3, 0), (-3, 0), (-3, 0), (-3, 0), (-3, 0), (-3, 0), (-3, 0), (-3, 0),
   (-3, 0), (-3, 0), (-3, 0), (-3, 0), (-3, 0), (-3, 0), (-3, 0), (-3, 0),
   (-3, 0), (-3, 0), (-3, 0), (-3, 0), (-3, 0), (-3, 0), (-3, 0), (-3, 0),
   (-3, 0), (-3, 0), (-3, 0), (-3, 0), (-3, 0), (-3, 0), (-3, 0), (-3, 0),
   (-3, 0), (-3, 0), (-3, 0), (-3, 0), (-3, 0), (-2, 0), (-3, 0), (-2, 0),
   (-3, 0), (-3, 0), (-3, 0), (-3, 0), (-3, 0), (-3, 0), (-3, 0), (-3, 0),
   (-3, 0), (-3, 0), (-3, 0), (-3, 0), (-3, 0), (-3, 0), (-3, 0), (-3, 0),
   (-3, 0), (-3, 0), (-3, 0), (-2, 0), (-3, 0), (-3, 0), (-3, 0), (-3, 0),
   (-3, 0), (-3, 0), (-3, 0), (-3, 0), (-3, 0), (-3, 0), (-3, 0), (-3, 0),
   (-3, 0), (-3, 0), (-3, 0), (-3, 0), (-3, 0), (-3, 0), (-3, 0), (-3, 0),
   (-3, 0), (-3, 0), (-3, 0), (-3, 0), (-3, 0), (-3, 0), (-3, 0), (-3, 0),
   (-3, 0), (-3, 0), (-3, 0), (-3, 0), (-3, 0), (-3, 0), (-3, 0), (-3, 0),
   (-3, 0), (-3, 0), (-3, 0), (-3, 0), (-3, 0), (-3, 0));

CreateLayer               Outline;
LayerSetImage             Outline 'HouseofTerror16Outline';
LayerSetAscent            Outline 23;
LayerSetCharWidths        Outline CharList WidthList;
LayerSetCharWidths        Outline (' ') (5);
LayerSetImageMap          Outline CharList RectList;
LayerSetCharOffsets       Outline CharList OffsetList;
LayerSetAscentPadding     Outline 2;
LayerSetLineSpacingOffset Outline -11;
LayerSetPointSize         Outline 16;

CreateLayer               Main;
LayerSetImage             Main 'HouseofTerror16';
LayerSetAscent            Main 23;
LayerSetCharWidths        Main CharList WidthList;
LayerSetCharWidths        Main (' ') (5);
LayerSetImageMap          Main CharList RectList;
LayerSetCharOffsets       Main CharList OffsetList;
LayerSetAscentPadding     Main 2;
LayerSetLineSpacingOffset Main -11;
LayerSetPointSize         Main 16;

SetDefaultPointSize  16;
