Define CharList
 ( 'A', 'B', 'C', 'D', 'E', 'F', 'G', 'H', 'I', 'J', 'K', 'L', 'M', 'N', 'O', 'P',
   'Q', 'R', 'S', 'T', 'U', 'V', 'W', 'X', 'Y', 'Z', 'a', 'b', 'c', 'd', 'e', 'f',
   'g', 'h', 'i', 'j', 'k', 'l', 'm', 'n', 'o', 'p', 'q', 'r', 's', 't', 'u', 'v',
   'w', 'x', 'y', 'z', '0', '1', '2', '3', '4', '5', '6', '7', '8', '9', '~', '`',
   '!', '@', '#', '$', '%', '^', '&', '*', '(', ')', '-', '_', '=', '+', '[', '{',
   ']', '}', ';', ':',"'", '"', ',', '<', '.', '>', '/', '?', 'À', 'Á', 'Â', 'Ã',
   'Ä', 'Å', '¨', 'Æ', 'Ç', 'È', 'É', 'Ê', 'Ë', 'Ì', 'Í', 'Î', 'Ï', 'Ð', 'Ñ', 'Ò',
   'Ó', 'Ô', 'Õ', 'Ö', '×', 'Ø', 'Ù', 'Ú', 'Û', 'Ü', 'Ý', 'Þ', 'ß', 'à', 'á', 'â',
   'ã', 'ä', 'å', '¸', 'æ', 'ç', 'è', 'é', 'ê', 'ë', 'ì', 'í', 'î', 'ï', 'ð', 'ñ',
   'ò', 'ó', 'ô', 'õ', 'ö', '÷', 'ø', 'ù', 'ú', 'û', 'ü', 'ý', 'þ', 'ÿ');

Define WidthList
 (  13,  12,  11,  13,  11,  12,  11,  13,   7,  11,  13,  10,  16,  13,  11,  13,
    12,  13,  11,  14,  13,  13,  19,  16,  15,  13,  11,  11,  10,  12,  11,  10,
    11,  12,   6,   8,  12,   6,  18,  12,  11,  12,  11,   9,  10,  10,  12,  13,
    17,  14,  14,  11,  12,   7,  12,  12,  13,  11,  12,  13,  12,  12,  11,   6,
     6,  18,  13,  10,  16,   7,  15,   9,   7,   7,   8,  23,  10,   9,   8,  10,
     8,   9,   5,   5,   4,   8,   5,  10,   5,  10,  13,  12,  13,  12,  12,  12,
    12,  11,  11,  21,  12,  13,  13,  13,  15,  16,  13,  12,  15,  13,  11,  14,
    14,  19,  16,  18,  12,  23,  26,  15,  17,  12,  10,  21,  13,  11,  12,  12,
    11,  12,  11,  11,  17,  10,  13,  13,  13,  12,  14,  12,  11,  13,  12,  10,
    12,  14,  19,  14,  16,  11,  19,  22,  12,  15,  10,  10,  17,  11);

Define RectList
 ( (   0,  0, 18, 40), (  19,  0, 17, 40), (  37,  0, 17, 40), (  55,  0, 19, 40),
   (  75,  0, 17, 40), (  93,  0, 17, 40), ( 111,  0, 17, 40), ( 129,  0, 19, 40),
   ( 149,  0, 13, 40), ( 163,  0, 17, 40), ( 181,  0, 19, 40), ( 201,  0, 15, 40),
   ( 217,  0, 22, 40), ( 240,  0, 18, 40), ( 259,  0, 17, 40), ( 277,  0, 18, 40),
   ( 296,  0, 18, 40), ( 315,  0, 18, 40), ( 334,  0, 17, 40), ( 352,  0, 19, 40),
   ( 372,  0, 18, 40), ( 391,  0, 19, 40), ( 411,  0, 24, 40), ( 436,  0, 21, 40),
   ( 458,  0, 21, 40), ( 480,  0, 18, 40), ( 499,  0, 16, 40), ( 516,  0, 17, 40),
   ( 534,  0, 16, 40), ( 551,  0, 17, 40), ( 569,  0, 17, 40), ( 587,  0, 15, 40),
   ( 603,  0, 17, 40), ( 621,  0, 17, 40), ( 639,  0, 11, 40), ( 651,  0, 14, 40),
   ( 666,  0, 18, 40), ( 685,  0, 12, 40), ( 698,  0, 23, 40), ( 722,  0, 17, 40),
   ( 740,  0, 16, 40), ( 757,  0, 17, 40), ( 775,  0, 17, 40), ( 793,  0, 15, 40),
   ( 809,  0, 15, 40), ( 825,  0, 16, 40), ( 842,  0, 18, 40), ( 861,  0, 19, 40),
   ( 881,  0, 23, 40), ( 905,  0, 19, 40), ( 925,  0, 20, 40), ( 946,  0, 16, 40),
   ( 963,  0, 18, 40), ( 982,  0, 13, 40), ( 996,  0, 18, 40), (1015,  0, 17, 40),
   (1033,  0, 19, 40), (1053,  0, 17, 40), (1071,  0, 18, 40), (1090,  0, 18, 40),
   (1109,  0, 18, 40), (1128,  0, 18, 40), (1147,  0, 17, 40), (1165,  0, 12, 40),
   (1178,  0, 12, 40), (1191,  0, 24, 40), (1216,  0, 18, 40), (1235,  0, 16, 40),
   (1252,  0, 22, 40), (1275,  0, 13, 40), (1289,  0, 20, 40), (1310,  0, 15, 40),
   (1326,  0, 13, 40), (1340,  0, 13, 40), (1354,  0, 14, 40), (1369,  0, 29, 40),
   (1399,  0, 16, 40), (1416,  0, 15, 40), (1432,  0, 14, 40), (1447,  0, 16, 40),
   (1464,  0, 14, 40), (1479,  0, 15, 40), (1495,  0, 11, 40), (1507,  0, 11, 40),
   (1519,  0, 10, 40), (1530,  0, 14, 40), (1545,  0, 11, 40), (1557,  0, 15, 40),
   (1573,  0, 11, 40), (1585,  0, 16, 40), (1602,  0, 18, 40), (1621,  0, 18, 40),
   (1640,  0, 18, 40), (1659,  0, 17, 40), (1677,  0, 17, 40), (1695,  0, 17, 40),
   (1713,  0, 18, 40), (1732,  0, 17, 40), (1750,  0, 17, 40), (1768,  0, 26, 40),
   (1795,  0, 17, 40), (1813,  0, 18, 40), (1832,  0, 18, 40), (1851,  0, 19, 40),
   (1871,  0, 19, 40), (1891,  0, 22, 40), (1914,  0, 19, 40), (1934,  0, 18, 40),
   (1953,  0, 20, 40), (1974,  0, 18, 40), (1993,  0, 17, 40), (2011,  0, 19, 40),
   (2031,  0, 20, 40), (2052,  0, 23, 40), (2076,  0, 21, 40), (2098,  0, 23, 40),
   (2122,  0, 18, 40), (2141,  0, 29, 40), (2171,  0, 32, 40), (2204,  0, 21, 40),
   (2226,  0, 23, 40), (2250,  0, 17, 40), (2268,  0, 16, 40), (2285,  0, 27, 40),
   (2313,  0, 17, 40), (2331,  0, 16, 40), (2348,  0, 17, 40), (2366,  0, 17, 40),
   (2384,  0, 17, 40), (2402,  0, 18, 40), (2421,  0, 17, 40), (2439,  0, 17, 40),
   (2457,  0, 23, 40), (2481,  0, 16, 40), (2498,  0, 18, 40), (2517,  0, 18, 40),
   (2536,  0, 18, 40), (2555,  0, 18, 40), (2574,  0, 20, 40), (2595,  0, 18, 40),
   (2614,  0, 16, 40), (2631,  0, 19, 40), (2651,  0, 17, 40), (2669,  0, 16, 40),
   (2686,  0, 17, 40), (2704,  0, 20, 40), (2725,  0, 22, 40), (2748,  0, 19, 40),
   (2768,  0, 22, 40), (2791,  0, 17, 40), (2809,  0, 25, 40), (2835,  0, 28, 40),
   (2864,  0, 18, 40), (2883,  0, 21, 40), (2905,  0, 16, 40), (2922,  0, 16, 40),
   (2939,  0, 22, 40), (2962,  0, 17, 40));

Define OffsetList
 ( (-3, 0), (-3, 0), (-3, 0), (-3, 0), (-3, 0), (-3, 0), (-3, 0), (-3, 0),
   (-3, 0), (-3, 0), (-3, 0), (-3, 0), (-3, 0), (-3, 0), (-3, 0), (-3, 0),
   (-3, 0), (-3, 0), (-3, 0), (-3, 0), (-3, 0), (-3, 0), (-3, 0), (-3, 0),
   (-3, 0), (-3, 0), (-3, 0), (-3, 0), (-3, 0), (-3, 0), (-3, 0), (-3, 0),
   (-3, 0), (-3, 0), (-3, 0), (-4, 0), (-3, 0), (-3, 0), (-3, 0), (-3, 0),
   (-3, 0), (-3, 0), (-3, 0), (-3, 0), (-3, 0), (-3, 0), (-3, 0), (-3, 0),
   (-3, 0), (-3, 0), (-3, 0), (-3, 0), (-3, 0), (-3, 0), (-3, 0), (-3, 0),
   (-3, 0), (-3, 0), (-3, 0), (-3, 0), (-3, 0), (-3, 0), (-3, 0), (-3, 0),
   (-3, 0), (-3, 0), (-3, 0), (-3, 0), (-3, 0), (-3, 0), (-3, 0), (-3, 0),
   (-3, 0), (-3, 0), (-3, 0), (-3, 0), (-3, 0), (-3, 0), (-3, 0), (-3, 0),
   (-3, 0), (-3, 0), (-3, 0), (-3, 0), (-3, 0), (-3, 0), (-3, 0), (-3, 0),
   (-3, 0), (-3, 0), (-3, 0), (-3, 0), (-3, 0), (-2, 0), (-3, 0), (-2, 0),
   (-3, 0), (-3, 0), (-3, 0), (-3, 0), (-3, 0), (-3, 0), (-3, 0), (-3, 0),
   (-2, 0), (-3, 0), (-3, 0), (-3, 0), (-3, 0), (-3, 0), (-3, 0), (-3, 0),
   (-3, 0), (-2, 0), (-3, 0), (-2, 0), (-3, 0), (-3, 0), (-3, 0), (-3, 0),
   (-3, 0), (-3, 0), (-3, 0), (-3, 0), (-3, 0), (-3, 0), (-3, 0), (-3, 0),
   (-3, 0), (-3, 0), (-3, 0), (-3, 0), (-3, 0), (-3, 0), (-3, 0), (-3, 0),
   (-3, 0), (-3, 0), (-3, 0), (-3, 0), (-3, 0), (-3, 0), (-3, 0), (-3, 0),
   (-3, 0), (-3, 0), (-3, 0), (-3, 0), (-3, 0), (-3, 0), (-3, 0), (-3, 0),
   (-3, 0), (-3, 0), (-3, 0), (-3, 0), (-3, 0), (-3, 0));

CreateLayer               Outline;
LayerSetImage             Outline 'HouseofTerror20Outline';
LayerSetAscent            Outline 30;
LayerSetCharWidths        Outline CharList WidthList;
LayerSetCharWidths        Outline (' ') (7);
LayerSetImageMap          Outline CharList RectList;
LayerSetCharOffsets       Outline CharList OffsetList;
LayerSetAscentPadding     Outline 3;
LayerSetLineSpacingOffset Outline 0;
LayerSetPointSize         Outline 20;

CreateLayer               Main;
LayerSetImage             Main 'HouseofTerror20';
LayerSetAscent            Main 30;
LayerSetCharWidths        Main CharList WidthList;
LayerSetCharWidths        Main (' ') (7);
LayerSetImageMap          Main CharList RectList;
LayerSetCharOffsets       Main CharList OffsetList;
LayerSetAscentPadding     Main 3;
LayerSetLineSpacingOffset Main 0;
LayerSetPointSize         Main 20;

SetDefaultPointSize  20;
