Define CharList
 ( 'A', 'B', 'C', 'D', 'E', 'F', 'G', 'H', 'I', 'J', 'K', 'L', 'M', 'N', 'O', 'P',
   'Q', 'R', 'S', 'T', 'U', 'V', 'W', 'X', 'Y', 'Z', 'a', 'b', 'c', 'd', 'e', 'f',
   'g', 'h', 'i', 'j', 'k', 'l', 'm', 'n', 'o', 'p', 'q', 'r', 's', 't', 'u', 'v',
   'w', 'x', 'y', 'z', '0', '1', '2', '3', '4', '5', '6', '7', '8', '9', '~', '`',
   '!', '@', '#', '$', '%', '^', '&', '*', '(', ')', '-', '_', '=', '+', '[', '{',
   ']', '}', ';', ':', "'", '"', ',', '<', '.', '>', '/', '?', 'À', 'Á', 'Â', 'Ã',
   'Ä', 'Å', '¨', 'Æ', 'Ç', 'È', 'É', 'Ê', 'Ë', 'Ì', 'Í', 'Î', 'Ï', 'Ð', 'Ñ', 'Ò',
   'Ó', 'Ô', 'Õ', 'Ö', '×', 'Ø', 'Ù', 'Ú', 'Û', 'Ü', 'Ý', 'Þ', 'ß', 'à', 'á', 'â',
   'ã', 'ä', 'å', '¸', 'æ', 'ç', 'è', 'é', 'ê', 'ë', 'ì', 'í', 'î', 'ï', 'ð', 'ñ',
   'ò', 'ó', 'ô', 'õ', 'ö', '÷', 'ø', 'ù', 'ú', 'û', 'ü', 'ý', 'þ', 'ÿ');

Define WidthList
 (  17,  16,  15,  18,  16,  16,  16,  18,   9,  15,  18,  13,  22,  17,  16,  17,
    17,  17,  15,  19,  18,  18,  26,  21,  21,  17,  15,  15,  14,  16,  15,  13,
    16,  16,   8,  11,  17,   9,  24,  16,  15,  16,  15,  13,  13,  14,  17,  18,
    24,  19,  20,  15,  16,  10,  16,  16,  18,  16,  17,  17,  16,  17,  16,   8,
     8,  25,  17,  14,  22,  10,  20,  13,  10,  10,  12,  31,  14,  13,  11,  14,
    11,  13,   7,   7,   6,  11,   7,  13,   7,  14,  18,  16,   17,  16,  16,  16,
    27,  15,  15,  29,  16,  17,  17,  18,  19,  22,  18,  16,  18,  17,  15,  19,
    21,  25,  21,  26,  18,  27,  33,  20,  27,  17,  16,  26,  18,   15,  15,  15,
    13,  16,  15,  15,  25,  14,  17,  17,  17,  18,  27,  17,  15,  16,  16,  14,
    24,  20,  24,  19,  22,  17,  25,  31,  17,  23,  15,  14,  22,  16);

Define RectList
 ( (   0,  0, 28, 54), (  29,  0, 27, 54), (  57,  0, 26, 54), (  84,  0, 28, 54),
   ( 113,  0, 26, 54), ( 140,  0, 26, 54), ( 167,  0, 26, 54), ( 194,  0, 28, 54),
   ( 223,  0, 20, 54), ( 244,  0, 25, 54), ( 270,  0, 28, 54), ( 299,  0, 24, 54),
   ( 324,  0, 33, 54), ( 358,  0, 28, 54), ( 387,  0, 26, 54), ( 414,  0, 28, 54),
   ( 443,  0, 27, 54), ( 471,  0, 28, 54), ( 500,  0, 26, 54), ( 527,  0, 29, 54),
   ( 557,  0, 28, 54), ( 586,  0, 29, 54), ( 616,  0, 36, 54), ( 653,  0, 32, 54),
   ( 686,  0, 32, 54), ( 719,  0, 28, 54), ( 748,  0, 25, 54), ( 774,  0, 25, 54),
   ( 800,  0, 24, 54), ( 825,  0, 26, 54), ( 852,  0, 25, 54), ( 878,  0, 23, 54),
   ( 902,  0, 26, 54), ( 929,  0, 26, 54), ( 956,  0, 18, 54), ( 975,  0, 24, 54),
   (1000,  0, 27, 54), (1028,  0, 19, 54), (1048,  0, 35, 54), (1084,  0, 27, 54),
   (1112,  0, 25, 54), (1138,  0, 26, 54), (1165,  0, 26, 54), (1192,  0, 23, 54),
   (1216,  0, 24, 54), (1241,  0, 25, 54), (1267,  0, 27, 54), (1295,  0, 28, 54),
   (1324,  0, 34, 54), (1359,  0, 29, 54), (1389,  0, 30, 54), (1420,  0, 25, 54),
   (1446,  0, 27, 54), (1474,  0, 21, 54), (1496,  0, 27, 54), (1524,  0, 26, 54),
   (1551,  0, 30, 54), (1582,  0, 26, 54), (1609,  0, 27, 54), (1637,  0, 28, 54),
   (1666,  0, 27, 54), (1694,  0, 27, 54), (1722,  0, 26, 54), (1749,  0, 19, 54),
   (1769,  0, 19, 54), (1789,  0, 35, 54), (1825,  0, 29, 54), (1855,  0, 24, 54),
   (1880,  0, 33, 54), (1914,  0, 20, 54), (1935,  0, 30, 54), (1966,  0, 23, 54),
   (1990,  0, 21, 54), (2012,  0, 20, 54), (2033,  0, 23, 54), (2057,  0, 42, 54),
   (2100,  0, 24, 54), (2125,  0, 23, 54), (2149,  0, 21, 54), (2171,  0, 24, 54),
   (2196,  0, 21, 54), (2218,  0, 23, 54), (2242,  0, 17, 54), (2260,  0, 19, 54),
   (2280,  0, 17, 54), (2298,  0, 21, 54), (2320,  0, 18, 54), (2339,  0, 24, 54),
   (2364,  0, 17, 54), (2382,  0, 24, 54), (2407,  0, 28, 54), (2436,  0, 27, 54),
     (2464,  0, 29, 54), (2494,  0, 28, 54), (2521,  0, 28, 54), (2549,  0, 27, 54),
   (2576,  0, 38, 54), (2614,  0, 28, 54), (2642,  0, 27, 54), (2670,  0, 40, 54),
   (2710,  0, 27, 54), (2737,  0, 28, 54), (2765,  0, 28, 54), (2794,  0, 29, 54),
     (2822,  0, 31, 54), (2854,  0, 34, 54), (2887,  0, 29, 54), (2916,  0, 27, 54),
   (2944,  0, 29, 54), (2972,  0, 28, 54), (3000,  0, 27, 54), (3027,  0, 31, 54),
     (3057,  0, 33, 54), (3090,  0, 36, 54), (3126,  0, 33, 54), (3159,  0, 37, 54),
     (3196,  0, 29, 54), (3225,  0, 38, 54), (3264,  0, 44, 54), (3307,  0, 31, 54),
     (3338,  0, 39, 54), (3377,  0, 28, 54), (3405,  0, 27, 54), (3432,  0, 37, 54),
     (3469,  0, 30, 54),   (3499,  0, 26, 54), (3525,  0, 26, 54), (3551,  0, 26, 54),
   (3577,  0, 24, 54), (3601,  0, 27, 54), (3628,  0, 26, 54), (3654,  0, 26, 54),
   (3680,  0, 37, 54), (3716,  0, 25, 54), (3741,  0, 28, 54), (3769,  0, 28, 54),
   (3797,  0, 28, 54), (3825,  0, 30, 54), (3855,  0, 39, 54), (3894,  0, 29, 54),
   (3923,  0, 26, 54), (3949,  0, 28, 54), (3977,  0, 27, 54), (4004,  0, 25, 54),
   (4029,  0, 36, 54), (4065,  0, 31, 54), (4096,  0, 35, 54), (4131,  0, 30, 54),
    (4161,  0, 33, 54), (4194,  0, 29, 54), (4223,  0, 36, 54), (4259,  0, 42, 54),
   (4301,  0, 28, 54), (4329,  0, 35, 54), (4364,  0, 26, 54), (4390,  0, 25, 54),
   (4415,  0, 34, 54), (4449,  0, 28, 54));

Define OffsetList
 ( (-5, 0), (-5, 0), (-5, 0), (-5, 0), (-5, 0), (-5, 0), (-5, 0), (-5, 0),
   (-5, 0), (-5, 0), (-5, 0), (-5, 0), (-5, 0), (-5, 0), (-5, 0), (-5, 0),
   (-5, 0), (-5, 0), (-5, 0), (-5, 0), (-5, 0), (-5, 0), (-5, 0), (-5, 0),
   (-6, 0), (-5, 0), (-5, 0), (-5, 0), (-5, 0), (-5, 0), (-5, 0), (-5, 0),
   (-5, 0), (-5, 0), (-5, 0), (-8, 0), (-5, 0), (-5, 0), (-5, 0), (-5, 0),
   (-5, 0), (-5, 0), (-5, 0), (-5, 0), (-5, 0), (-5, 0), (-5, 0), (-5, 0),
   (-5, 0), (-5, 0), (-5, 0), (-5, 0), (-5, 0), (-5, 0), (-5, 0), (-5, 0),
   (-6, 0), (-5, 0), (-5, 0), (-5, 0), (-5, 0), (-5, 0), (-5, 0), (-5, 0),
   (-5, 0), (-5, 0), (-6, 0), (-5, 0), (-5, 0), (-5, 0), (-5, 0), (-5, 0),
   (-5, 0), (-5, 0), (-6, 0), (-5, 0), (-5, 0), (-5, 0), (-5, 0), (-5, 0),
   (-5, 0), (-5, 0), (-5, 0), (-6, 0), (-6, 0), (-5, 0), (-5, 0), (-5, 0),
   (-5, 0), (-5, 0), (-5, 0), (-5, 0),  (-5, 0), (-5, 0), (-5, 0), (-5, 0),
   (-5, 0), (-7, 0), (-5, 0), (-5, 0), (-5, 0), (-5, 0), (-5, 0), (-5, 0),
   (-5, 0), (-5, 0), (-5, 0), (-5, 0), (-5, 0), (-5, 0), (-5, 0), (-5, 0),
   (-5, 0), (-5, 0), (-5, 0), (-5, 0), (-5, 0), (-5, 0), (-5, 0), (-5, 0),
   (-5, 0), (-5, 0), (-5, 0), (-5, 0), (-5, 0), (-5, 0), (-5, 0), (-5, 0),
   (-5, 0), (-5, 0), (-5, 0), (-5, 0), (-5, 0), (-5, 0), (-5, 0), (-5, 0),
   (-5, 0), (-5, 0), (-5, 0), (-5, 0), (-5, 0), (-5, 0), (-5, 0), (-5, 0),
   (-5, 0), (-5, 0), (-5, 0), (-5, 0), (-5, 0), (-5, 0), (-5, 0), (-5, 0),
   (-5, 0), (-5, 0), (-5, 0), (-5, 0), (-5, 0), (-5, 0));

CreateLayer               Main;
LayerSetImage             Main 'HouseofTerror28';
LayerSetAscent            Main 41;
LayerSetCharWidths        Main CharList WidthList;
LayerSetCharWidths        Main (' ') (9);
LayerSetImageMap          Main CharList RectList;
LayerSetCharOffsets       Main CharList OffsetList;
LayerSetAscentPadding     Main 3;
LayerSetLineSpacingOffset Main 0;
LayerSetPointSize         Main 28;

SetDefaultPointSize  28;
