Define CharList
 ( 'A', 'B', 'C', 'D', 'E', 'F', 'G', 'H', 'I', 'J', 'K', 'L', 'M', 'N', 'O', 'P',
   'Q', 'R', 'S', 'T', 'U', 'V', 'W', 'X', 'Y', 'Z', 'a', 'b', 'c', 'd', 'e', 'f',
   'g', 'h', 'i', 'j', 'k', 'l', 'm', 'n', 'o', 'p', 'q', 'r', 's', 't', 'u', 'v',
   'w', 'x', 'y', 'z', '0', '1', '2', '3', '4', '5', '6', '7', '8', '9', '~', '`',
   '!', '@', '#', '$', '%', '^', '&', '*', '(', ')', '-', '_', '=', '+', '[', '{',
   ']', '}', ';', ':', "'", '"', ',', '<', '.', '>', '/', '?', 'À', 'Á', 'Â', 'Ã', 
   'Ä', 'Å', '¨', 'Æ', 'Ç', 'È', 'É', 'Ê', 'Ë', 'Ì', 'Í', 'Î', 'Ï', 'Ð', 'Ñ', 'Ò',
   'Ó', 'Ô', 'Õ', 'Ö', '×', 'Ø', 'Ù', 'Ú', 'Û', 'Ü', 'Ý', 'Þ', 'ß', 'à', 'á', 'â',
   'ã', 'ä', 'å', '¸', 'æ', 'ç', 'è', 'é', 'ê', 'ë', 'ì', 'í', 'î', 'ï', 'ð', 'ñ',
   'ò', 'ó', 'ô', 'õ', 'ö', '÷', 'ø', 'ù', 'ú', 'û', 'ü', 'ý', 'þ', 'ÿ');

Define WidthList
 (   7,   7,   7,   7,   7,   7,   7,   7,   5,   7,   7,   7,   7,   7,   7,   7,
     7,   7,   7,   7,   7,   7,   7,   7,   7,   7,   7,   7,   7,   7,   7,   5,
     7,   7,   3,   4,   7,   3,   7,   7,   7,   7,   7,   7,   7,   6,   7,   7,
     7,   7,   7,   7,   7,   6,   7,   7,   7,   7,   7,   7,   7,   7,   6,   4,
     3,   9,   7,   7,   9,   5,   7,   7,   5,   5,   7,   7,   7,   7,   4,   5,
     4,   5,   4,   3,   2,   4,   4,   5,   3,   5,   5,   7,   7,   7,   7,   6,
     8,   7,   7,  11,   7,   7,   7,   7,   7,   8,   7,   7,   7,   7,   7,   7,
     7,   9,   7,   7,   7,   9,  10,   8,   9,   7,   7,   8,   7,   7,   7,   7,
     6,   7,   7,   7,   9,   7,   7,   7,   6,   7,   9,   7,   7,   7,   7,   7,
     7,   7,   9,   7,   7,   7,   9,  10,   7,   8,   6,   7,   8,   6);

Define RectList
 ( (   0,  0,  5, 12), (   6,  0,  5, 12), (  12,  0,  5, 12), (  18,  0,  5, 12),
   (  24,  0,  5, 12), (  30,  0,  5, 12), (  36,  0,  5, 12), (  42,  0,  5, 12),
   (  48,  0,  3, 12), (  52,  0,  5, 12), (  58,  0,  5, 12), (  64,  0,  5, 12),
   (  70,  0,  5, 12), (  76,  0,  5, 12), (  82,  0,  5, 12), (  88,  0,  5, 12),
   (  94,  0,  5, 12), ( 100,  0,  5, 12), ( 106,  0,  5, 12), ( 112,  0,  5, 12),
   ( 118,  0,  5, 12), ( 124,  0,  5, 12), ( 130,  0,  5, 12), ( 136,  0,  5, 12),
   ( 142,  0,  5, 12), ( 148,  0,  5, 12), ( 154,  0,  5, 12), ( 160,  0,  5, 12),
   ( 166,  0,  5, 12), ( 172,  0,  5, 12), ( 178,  0,  5, 12), ( 184,  0,  4, 12),
   ( 189,  0,  5, 12), ( 195,  0,  5, 12), ( 201,  0,  1, 12), ( 203,  0,  3, 12),
   ( 207,  0,  5, 12), ( 213,  0,  1, 12), ( 215,  0,  5, 12), ( 221,  0,  5, 12),
   ( 227,  0,  5, 12), ( 233,  0,  5, 12), ( 239,  0,  5, 12), ( 245,  0,  5, 12),
   ( 251,  0,  5, 12), ( 257,  0,  4, 12), ( 262,  0,  5, 12), ( 268,  0,  5, 12),
   ( 274,  0,  5, 12), ( 280,  0,  5, 12), ( 286,  0,  5, 12), ( 292,  0,  5, 12),
   ( 298,  0,  5, 12), ( 304,  0,  2, 12), ( 307,  0,  5, 12), ( 313,  0,  5, 12),
   ( 319,  0,  5, 12), ( 325,  0,  5, 12), ( 331,  0,  5, 12), ( 337,  0,  5, 12),
   ( 343,  0,  5, 12), ( 349,  0,  5, 12), ( 355,  0,  4, 12), ( 360,  0,  2, 12),
   ( 363,  0,  1, 12), ( 365,  0,  7, 12), ( 373,  0,  5, 12), ( 379,  0,  5, 12),
   ( 385,  0,  7, 12), ( 393,  0,  3, 12), ( 397,  0,  5, 12), ( 403,  0,  5, 12),
   ( 409,  0,  3, 12), ( 413,  0,  3, 12), ( 417,  0,  5, 12), ( 423,  0,  5, 12),
   ( 429,  0,  5, 12), ( 435,  0,  5, 12), ( 441,  0,  2, 12), ( 444,  0,  3, 12),
   ( 448,  0,  2, 12), ( 451,  0,  3, 12), ( 455,  0,  2, 12), ( 458,  0,  1, 12),
   ( 460,  0,  1, 12), ( 462,  0,  3, 12), ( 466,  0,  2, 12), ( 469,  0,  3, 12),
   ( 473,  0,  1, 12), ( 475,  0,  3, 12), ( 479,  0,  3, 12), ( 483,  0,  5, 12),
   ( 489,  0,  5, 12), ( 495,  0,  5, 12), ( 501,  0,  5, 12), ( 507,  0,  4, 12),
   ( 512,  0,  6, 12), ( 519,  0,  5, 12), ( 525,  0,  5, 12), ( 531,  0,  9, 12),
   ( 541,  0,  5, 12), ( 547,  0,  5, 12), ( 553,  0,  5, 12), ( 559,  0,  5, 12),
   ( 565,  0,  5, 12), ( 571,  0,  6, 12), ( 578,  0,  5, 12), ( 584,  0,  5, 12),
   ( 590,  0,  5, 12), ( 596,  0,  5, 12), ( 602,  0,  5, 12), ( 608,  0,  5, 12),
   ( 614,  0,  5, 12), ( 620,  0,  7, 12), ( 628,  0,  5, 12), ( 634,  0,  5, 12),
   ( 640,  0,  5, 12), ( 646,  0,  7, 12), ( 654,  0,  8, 12), ( 663,  0,  6, 12),
   ( 670,  0,  7, 12), ( 678,  0,  5, 12), ( 684,  0,  5, 12), ( 690,  0,  6, 12),
   ( 697,  0,  5, 12), ( 703,  0,  5, 12), ( 709,  0,  5, 12), ( 715,  0,  5, 12),
   ( 721,  0,  4, 12), ( 726,  0,  5, 12), ( 732,  0,  5, 12), ( 738,  0,  5, 12),
   ( 744,  0,  7, 12), ( 752,  0,  5, 12), ( 758,  0,  5, 12), ( 764,  0,  5, 12),
   ( 770,  0,  4, 12), ( 775,  0,  5, 12), ( 781,  0,  7, 12), ( 789,  0,  5, 12),
   ( 795,  0,  5, 12), ( 801,  0,  5, 12), ( 807,  0,  5, 12), ( 813,  0,  5, 12),
   ( 819,  0,  5, 12), ( 825,  0,  5, 12), ( 831,  0,  7, 12), ( 839,  0,  5, 12),
   ( 845,  0,  5, 12), ( 851,  0,  5, 12), ( 857,  0,  7, 12), ( 865,  0,  8, 12),
   ( 874,  0,  5, 12), ( 880,  0,  6, 12), ( 887,  0,  4, 12), ( 892,  0,  5, 12),
   ( 898,  0,  6, 12), ( 905,  0,  4, 12));

Define OffsetList
 ( ( 1, 0), ( 1, 0), ( 1, 0), ( 1, 0), ( 1, 0), ( 1, 0), ( 1, 0), ( 1, 0),
   ( 1, 0), ( 1, 0), ( 1, 0), ( 1, 0), ( 1, 0), ( 1, 0), ( 1, 0), ( 1, 0),
   ( 1, 0), ( 1, 0), ( 1, 0), ( 1, 0), ( 1, 0), ( 1, 0), ( 1, 0), ( 1, 0),
   ( 1, 0), ( 1, 0), ( 1, 0), ( 1, 0), ( 1, 0), ( 1, 0), ( 1, 0), ( 1, 0),
   ( 1, 0), ( 1, 0), ( 1, 0), ( 1, 0), ( 1, 0), ( 1, 0), ( 1, 0), ( 1, 0),
   ( 1, 0), ( 1, 0), ( 1, 0), ( 1, 0), ( 1, 0), ( 1, 0), ( 1, 0), ( 1, 0),
   ( 1, 0), ( 1, 0), ( 1, 0), ( 1, 0), ( 1, 0), ( 2, 0), ( 1, 0), ( 1, 0),
   ( 1, 0), ( 1, 0), ( 1, 0), ( 1, 0), ( 1, 0), ( 1, 0), ( 1, 0), ( 1, 0),
   ( 1, 0), ( 1, 0), ( 1, 0), ( 1, 0), ( 1, 0), ( 1, 0), ( 1, 0), ( 1, 0),
   ( 1, 0), ( 1, 0), ( 1, 0), ( 1, 0), ( 1, 0), ( 1, 0), ( 1, 0), ( 1, 0),
   ( 1, 0), ( 1, 0), ( 1, 0), ( 1, 0), ( 1, 0), ( 1, 0), ( 1, 0), ( 1, 0),
   ( 1, 0), ( 1, 0), ( 1, 0), ( 1, 0), ( 1, 0), ( 1, 0), ( 1, 0), ( 1, 0),
   ( 1, 0), ( 1, 0), ( 1, 0), ( 1, 0), ( 1, 0), ( 1, 0), ( 1, 0), ( 1, 0),
   ( 1, 0), ( 1, 0), ( 1, 0), ( 1, 0), ( 1, 0), ( 1, 0), ( 1, 0), ( 1, 0),
   ( 1, 0), ( 1, 0), ( 1, 0), ( 1, 0), ( 1, 0), ( 1, 0), ( 1, 0), ( 1, 0),
   ( 1, 0), ( 1, 0), ( 1, 0), ( 1, 0), ( 1, 0), ( 1, 0), ( 1, 0), ( 1, 0),
   ( 1, 0), ( 1, 0), ( 1, 0), ( 1, 0), ( 1, 0), ( 1, 0), ( 1, 0), ( 1, 0),
   ( 1, 0), ( 1, 0), ( 1, 0), ( 1, 0), ( 1, 0), ( 1, 0), ( 1, 0), ( 1, 0),
   ( 1, 0), ( 1, 0), ( 1, 0), ( 1, 0), ( 1, 0), ( 1, 0), ( 1, 0), ( 1, 0),
   ( 1, 0), ( 1, 0), ( 1, 0), ( 1, 0), ( 1, 0), ( 1, 0));

CreateLayer               Main;
LayerSetImage             Main 'Pico129';
LayerSetAscent            Main 10;
LayerSetCharWidths        Main CharList WidthList;
LayerSetCharWidths        Main (' ') (3);
LayerSetImageMap          Main CharList RectList;
LayerSetCharOffsets       Main CharList OffsetList;
LayerSetAscentPadding     Main 0;
LayerSetLineSpacingOffset Main 0;
LayerSetPointSize         Main 9;

SetDefaultPointSize  9;
